
한솥밥,200,15,1
사성건설,2000,12,0
사성식품,1800,10,1
사성전자,2000,9,1
마인크로소프트,3000,11,0
사과,3010,11,0
백병원,300,15,1
백약품,800,16,1
흑병원,400,1,0
흑악품,400,1,0
제이케이아이디,300,10,1
자성교육,80,7,0
번성교육,70,9,1
근대마법공학,320,1,1
근대건설,1000,2,1
근대식품,1000,3,1
근대모발,1000,2,1
근대의료,1000,4,1
근대물품,1000,3,1
근대전자,1000,7,1
근대음악,1000,4,0
근대미디어,1000,3,1
현대건설,1000,2,0
현대식품,1000,3,0
현대모발,1000,4,1
현대의료,1000,4,0
현대물품,1000,3,0
현대전자,1000,7,0
현대음악,1000,4,1
현대미디어,1000,3,0
블랙마린,400,15,0
잉크린,40,6,0
mbs,70,9,0
그린크림,400,7,1
소라사운드,500,6,1
소라미디어,500,2,0
소라시스템,500,4,1
1등교육,700,1,0
마인시스템,514,10,1
연화,80,7,10
박성pc,80,7,1
키라미디어,20,12,1